chart,id,x1,x2,x3,x4,x5
Hot Country Songs,Eric Church....Desperate Man,1.6645937780250286e-4,1.6645937750448073e-4,1.6645937727950344e-4,1.6645937732085873e-4,0.9993341624900928
Hot R&B/Hip-Hop Songs,Post Malone....Ball For Me,0.9392190655874051,1.007848400777907e-4,1.0078484028440746e-4,1.0078484018959754e-4,0.06047857989204319
Hot R&B/Hip-Hop Songs,Migos....Walk It Talk It,7.170760075129053e-5,7.170760077443199e-5,7.170760079289664e-5,0.9997131695968415,7.170760083973607e-5
Hot Country Songs,"Dierks Bentley....Woman, Amen",0.9992590569143317,1.8523577164336402e-4,1.8523577135899053e-4,1.8523577139280018e-4,1.8523577127311445e-4
Hot Country Songs,Eric Church....Mr. Misunderstood,1.3798598914886902e-4,0.1610151807581231,1.3798598889513632e-4,1.3798598904169975e-4,0.8385708612747913
Hot R&B/Hip-Hop Songs,Migos....Narcos,8.120563329021995e-5,0.4282278211434846,8.120563342866052e-5,0.16002588658386202,0.4115838810059345
Hot R&B/Hip-Hop Songs,DJ Khaled....I Got The Keys,9.926185162552327e-5,9.926185148228099e-5,0.9996029525940449,9.926185144181907e-5,9.92618514054809e-5
Hot R&B/Hip-Hop Songs,DJ Khaled....I'm The One,0.9810599822174556,8.872714135125425e-5,0.01867383635811987,8.872714154639223e-5,8.872714152679486e-5
Hot R&B/Hip-Hop Songs,Rihanna....Work,0.2644180164058206,1.2764364493601538e-4,1.276436447187229e-4,1.2764364468290893e-4,0.7351990526598419
Hot R&B/Hip-Hop Songs,Tyga....Taste,1.0915905439222467e-4,0.02825186749256527,1.0915905426667693e-4,1.0915905432489916e-4,0.9714206553444509
Hot R&B/Hip-Hop Songs,Cardi B....Drip,7.80358526758931e-5,7.803585271751248e-5,7.803585269405021e-5,7.803585264662254e-5,0.9996878565892658
Hot R&B/Hip-Hop Songs,Chris Brown....Pills And Automobiles,0.2525306746149883,1.0468562714764041e-4,0.7471552685035412,1.046856271188989e-4,1.0468562720400342e-4
Hot R&B/Hip-Hop Songs,Kanye West....Famous,0.1438274999610091,1.3242251729670882e-4,1.3242251723947845e-4,1.3242251724637793e-4,0.8557752324872083
Hot R&B/Hip-Hop Songs,Yella Beezy....That's On Me,1.1693174272323213e-4,1.169317426852126e-4,0.9995322730293723,1.1693174261008891e-4,1.1693174260918051e-4
Hot R&B/Hip-Hop Songs,"Cardi B, Bad Bunny & J Balvin....I Like It",0.8487717212416844,8.296387033441153e-5,8.296387045642749e-5,8.296387055549448e-5,0.15097938714696932
Hot R&B/Hip-Hop Songs,Childish Gambino....This Is America,1.0327486450463411e-4,1.0327486448996123e-4,0.8223655666070816,0.17732460879951822,1.0327486440559109e-4
Hot R&B/Hip-Hop Songs,Future....Wicked,0.0535642421844744,1.954728418240923e-4,1.954728418230113e-4,1.9547284177704098e-4,0.9458493392901014
Hot R&B/Hip-Hop Songs,The Weeknd....I Feel It Coming,1.7806248303181625e-4,0.9992877500688385,1.780624828541731e-4,1.7806248254891979e-4,1.7806248272659052e-4
Hot R&B/Hip-Hop Songs,2 Chainz....It's A Vibe,0.059467362523894014,1.8449253922920084e-4,0.9399791598586927,1.8449253899667975e-4,1.8449253918736557e-4
Hot R&B/Hip-Hop Songs,Kendrick Lamar....Humble.,1.3318967261217895e-4,1.33189672766822e-4,1.331896728106726e-4,1.3318967277443108e-4,0.9994672413090359
Hot R&B/Hip-Hop Songs,Cardi B....Bartier Cardi,8.543014345749252e-5,8.543014343539383e-5,8.543014353944375e-5,8.543014364133108e-5,0.9996582794259263
Hot R&B/Hip-Hop Songs,Chris Brown....Questions,0.9990382036112976,2.4044909725595546e-4,2.4044909722819842e-4,2.4044909713608406e-4,2.404490970821233e-4
Hot R&B/Hip-Hop Songs,DJ Khaled....Do You Mind,0.6756031799046645,0.05454124812750331,0.2696640759464345,9.574801068100445e-5,9.574801071681657e-5
Hot R&B/Hip-Hop Songs,Yo Gotti....Law,1.2029686192848056e-4,1.2029686184855875e-4,0.9995188125526869,1.2029686175418245e-4,1.2029686178180861e-4
Hot R&B/Hip-Hop Songs,A$AP Ferg....New Level,1.1752950752069406e-4,1.1752950762915764e-4,1.1752950750990126e-4,1.175295075168719e-4,0.9995298819698234
Hot R&B/Hip-Hop Songs,Yo Gotti....Rake It Up,9.969227393185339e-5,9.969227391326752e-5,0.9996012309043388,9.969227389553222e-5,9.969227392049029e-5
Hot R&B/Hip-Hop Songs,Kevin Gates....Really Really,1.363492897637667e-4,0.5116168707795268,1.3634928995051072e-4,0.48797408135090853,1.3634928985040173e-4
Hot Country Songs,Old Dominion....Snapback,0.999067462755845,2.33134311351372e-4,2.331343108587476e-4,2.331343109580995e-4,2.331343109868371e-4
Hot R&B/Hip-Hop Songs,Beyonce....Hold Up,0.9992793782045493,1.8015544869559862e-4,1.8015544880512152e-4,1.8015544895427194e-4,1.8015544899573438e-4
Hot R&B/Hip-Hop Songs,DJ Khaled....Wild Thoughts,1.8904360502691e-4,0.14134596292962923,0.01799442013522857,0.8402815297254408,1.8904360467444266e-4
Hot R&B/Hip-Hop Songs,Kent Jones....Don't Mind,0.9994183844436968,1.4540388895100886e-4,1.454038893508309e-4,1.4540388903194737e-4,1.4540388896943293e-4
Hot R&B/Hip-Hop Songs,Lil' Duval....Smile (Living My Best Life),1.2799897045511426e-4,1.2799897063936821e-4,0.9994880041178531,1.279989705373044e-4,1.2799897051522227e-4
Hot R&B/Hip-Hop Songs,Lil Pump....Gucci Gang,1.4269643279369933e-4,1.4269643271297764e-4,1.426964328592209e-4,0.9994292142686297,1.4269643300441362e-4
Hot R&B/Hip-Hop Songs,YG....Big Bank,9.969227406739734e-5,9.96922740757095e-5,9.969227405852488e-5,9.969227405465751e-5,0.9996012309037436
Hot R&B/Hip-Hop Songs,21 Savage & Metro Boomin....X,1.0864321610117498e-4,1.0864321609478587e-4,1.0864321613985619e-4,0.9995654271354593,1.0864321620496671e-4
Hot R&B/Hip-Hop Songs,Kevin Gates....2 Phones,0.5462362129194499,1.0212795175984652e-4,0.4534574032250685,1.0212795186186155e-4,1.0212795185995387e-4
Hot R&B/Hip-Hop Songs,Beyonce....Formation,1.1047033740520946e-4,0.8879820865577475,0.11168650242972901,1.1047033761698715e-4,1.1047033750134097e-4
Hot R&B/Hip-Hop Songs,G-Eazy & Halsey....Him & I,0.9026379263294044,1.3166414842165838e-4,0.09696708122538018,1.3166414840566553e-4,1.3166414838815122e-4
Hot Country Songs,Granger Smith....Backroad Song,2.069076077896073e-4,0.9991723695693877,2.0690760783829022e-4,2.0690760763417035e-4,2.0690760735017971e-4
Hot R&B/Hip-Hop Songs,Chance The Rapper....No Problem,1.0638101969631906e-4,0.5429781784154148,0.2989909279767198,1.0638101979398432e-4,0.1578181315683751
Hot R&B/Hip-Hop Songs,Playboi Carti....Wokeuplikethis*,1.3017317462062514e-4,1.301731743322359e-4,0.5310207872703305,0.46858869320612784,1.301731745887237e-4
Hot R&B/Hip-Hop Songs,Beyonce....Sorry,1.7534635516690714e-4,0.2279237728815325,0.7715501880533346,1.7534635509108327e-4,1.7534635487488298e-4
Hot Country Songs,Chris Lane....Take Back Home Girl,2.1070007802069223e-4,0.9991571996877068,2.107000782741369e-4,2.1070007796021505e-4,2.1070007803809275e-4
Hot R&B/Hip-Hop Songs,Desiigner....Tiimmy Turner,1.05647745054055e-4,1.0564774492546197e-4,1.0564774498760644e-4,1.056477449777e-4,0.9995774090200552
Hot R&B/Hip-Hop Songs,DeJ Loaf....Back Up,1.1100371448571473e-4,1.1100371433713863e-4,0.9995559851424146,1.11003714374736e-4,1.1100371438774e-4
Hot R&B/Hip-Hop Songs,ScHoolboy Q....THat Part,1.1100371435714651e-4,1.1100371438664822e-4,0.9995559851425678,1.1100371437000377e-4,1.1100371431842069e-4
Hot R&B/Hip-Hop Songs,YFN Lucci....Everyday We Lit,1.4269643288023932e-4,1.4269643281191808e-4,0.9994292142684351,1.4269643288300024e-4,1.4269643298976437e-4
Hot R&B/Hip-Hop Songs,21 Savage....Bank Account,9.476138534358108e-5,9.476138529057715e-5,9.476138544288466e-5,0.9996209544584498,9.476138547309907e-5
Hot R&B/Hip-Hop Songs,Chris Brown....Party,1.467965138835432e-4,1.4679651388670062e-4,0.17788994396862787,0.8216696664897667,1.4679651383529092e-4
Hot R&B/Hip-Hop Songs,Big Sean....Moves,1.5366464825251853e-4,0.21315066146157263,0.07387582384435527,1.5366464822140935e-4,0.7126661853975982
Hot R&B/Hip-Hop Songs,Travis Scott....Sicko Mode,1.0145195092702209e-4,0.0811947229772566,0.9185009211698973,1.0145195093643981e-4,1.0145195098264334e-4
Hot R&B/Hip-Hop Songs,Fetty Wap....Again,0.2558690207398573,1.2221531959418844e-4,0.7437643333015118,1.222153195748509e-4,1.222153194619406e-4
Hot R&B/Hip-Hop Songs,Alessia Cara....Here,0.9430160049048866,0.05629849472635044,2.2850012309280548e-4,2.2850012291366717e-4,2.2850012275658644e-4
Hot R&B/Hip-Hop Songs,DJ ESCO....Too Much Sauce,1.6292057367954182e-4,1.629205736673263e-4,1.6292057373645824e-4,0.999348317705332,1.6292057358462984e-4
Hot R&B/Hip-Hop Songs,Future....Low Life,8.72125378698155e-5,0.7308568422671375,0.14300736524488647,8.721253791412269e-5,0.12596136741219197
Hot R&B/Hip-Hop Songs,Kendrick Lamar....Love.,0.6051541975487499,1.6467096552583e-4,1.6467096559877187e-4,1.6467096553041772e-4,0.3943517895545952
Hot R&B/Hip-Hop Songs,The Weeknd....Reminder,0.3785713469295472,0.08632903672343095,1.3634928993369851e-4,1.3634928980582394e-4,0.5348269177672823
Hot R&B/Hip-Hop Songs,Tory Lanez....Say It,0.30907842512109435,1.6828706238679992e-4,0.6904167136919128,1.6828706226498533e-4,1.6828706234102225e-4
Hot Country Songs,Blake Shelton....Turnin' Me On,3.0812227595826376e-4,0.9987675108962537,3.0812227585687557e-4,3.0812227582947295e-4,3.0812227610165665e-4
Hot R&B/Hip-Hop Songs,Cardi B....Ring,0.7487686184509615,1.9714906639601624e-4,0.13935178764293957,0.11148529577328789,1.9714906641487282e-4
Hot R&B/Hip-Hop Songs,Desiigner....Panda,1.0838712080725574e-4,1.0838712088307668e-4,1.0838712101320512e-4,0.9995664515163061,1.0838712099035495e-4
Hot R&B/Hip-Hop Songs,Post Malone....Congratulations,0.14914854590850565,1.3318967271541362e-4,0.850451885073149,1.331896727758754e-4,1.3318967285405232e-4
Hot R&B/Hip-Hop Songs,Young Greatness....Moolah,1.1403186483168141e-4,1.1403186483365546e-4,1.1403186484419075e-4,1.1403186475059111e-4,0.9995438725407398
Hot Country Songs,Blake Shelton....Every Time I Hear That Song,0.9988662741818101,2.834314550754294e-4,2.834314543987685e-4,2.834314543694889e-4,2.834314543462864e-4
Hot R&B/Hip-Hop Songs,Ella Mai....Trip,0.1507132192799293,0.7026318337754149,1.7945234793193072e-4,1.794523479859017e-4,0.14629604224873796
Hot R&B/Hip-Hop Songs,Khalid....Young Dumb & Broke,2.6543371922965324e-4,0.9989382651223881,2.6543371938921663e-4,2.654337197595071e-4,2.654337192335205e-4
Hot Country Songs,LOCASH....I Know Somebody,0.49143454940570147,0.5079215480826833,2.146341706113688e-4,2.14634170628679e-4,2.146341703750955e-4
Hot R&B/Hip-Hop Songs,Ayo & Teo....Rolex,1.4314065213247686e-4,1.4314065208472664e-4,1.4314065212749793e-4,0.999427437391651,1.4314065200441125e-4
Hot R&B/Hip-Hop Songs,DJ Khaled....No Brainer,0.9009307379721914,1.00126445481716e-4,0.05289933533667824,1.0012644555190563e-4,0.045969673800096825
Hot R&B/Hip-Hop Songs,Future....Where Ya At,1.4632935088706436e-4,1.4632935094120562e-4,1.4632935107143608e-4,1.4632935099905204e-4,0.9994146825961012
Hot R&B/Hip-Hop Songs,Kanye West....Fade,0.08726671905415799,0.8017616399303721,0.11053627597478502,2.1768252035511194e-4,2.17682520329876e-4
Hot R&B/Hip-Hop Songs,Lil Pump....Esskeetit,0.3800565027416863,1.0100623330202161e-4,0.13750444888057156,1.0100623351430235e-4,0.48223703591092587
Hot R&B/Hip-Hop Songs,Lil Uzi Vert....Money Longer,1.682870620562574e-4,1.6828706215004315e-4,0.9993268517515504,1.6828706219637856e-4,1.6828706204690826e-4
Hot R&B/Hip-Hop Songs,YG....Why You Always Hatin?,1.4181621550588008e-4,1.4181621555039338e-4,0.9994327351382339,1.4181621538516666e-4,1.418162153245926e-4
Hot R&B/Hip-Hop Songs,Drake & Future....Big Rings,1.3966245888635934e-4,1.3966245876378364e-4,1.3966245877139965e-4,0.9994413501648871,1.3966245869137395e-4
Hot Country Songs,LOCASH....I Love This Life,0.4725425660736542,0.5268394917472503,2.0598072633028767e-4,2.0598072642472043e-4,2.0598072634056308e-4
Hot R&B/Hip-Hop Songs,Tory Lanez....Luv,0.9941803447828184,1.5842977312359468e-4,0.005344365897266982,1.5842977343149533e-4,1.584297733596115e-4
Hot R&B/Hip-Hop Songs,YFN Lucci....Key To The Streets,1.0516448562372015e-4,1.0516448562447905e-4,0.9069734632959154,1.0516448565050786e-4,0.09271104324718593
Hot R&B/Hip-Hop Songs,Travis Scott....Goosebumps,0.20121617997158062,0.2490313435354718,0.0527488631789922,0.4968609168808518,1.4269643310359324e-4
Hot Country Songs,Brett Eldredge....Drunk On Your Love,0.9987757149158498,3.060712715593592e-4,3.0607127058324086e-4,3.0607127136627243e-4,3.0607127064131697e-4
Hot R&B/Hip-Hop Songs,DJ Luke Nasty....Might Be,1.906109364619437e-4,0.5558045324020566,0.4436236347893029,1.9061093613117824e-4,1.9061093604729403e-4
Hot R&B/Hip-Hop Songs,Drake & Future....Jumpman,1.5015208288063516e-4,0.08621992191231934,1.5015208275775293e-4,1.501520829049344e-4,0.9133296218391374
Hot R&B/Hip-Hop Songs,French Montana....Lockjaw,1.2487051540948144e-4,1.2487051545395506e-4,1.2487051545458726e-4,0.999500517938353,1.2487051532897246e-4
Hot R&B/Hip-Hop Songs,XXXTENTACION....Look At Me!,2.4428136413710047e-4,2.4428136452171853e-4,0.9990228745425195,2.442813644804066e-4,2.4428136434132615e-4
Hot Country Songs,Blake Shelton....She's Got A Way With Words,0.9989563392657246,2.6091518347622577e-4,2.6091518353945606e-4,2.6091518357009437e-4,2.609151836896172e-4
Hot R&B/Hip-Hop Songs,Drake....Childs Play,0.8182758290556144,1.3166414837047e-4,0.18132917849895122,1.3166414853888397e-4,1.3166414852503567e-4
Hot R&B/Hip-Hop Songs,Future....Stick Talk,1.5213933924308583e-4,1.521393393084072e-4,0.9993914426428373,1.5213933939489018e-4,1.521393392162647e-4
Hot R&B/Hip-Hop Songs,iLoveMemphis....Hit The Quan,0.15150334070359403,1.8523577197458e-4,1.8523577192336188e-4,1.852357718392853e-4,0.8479409519806687
Hot R&B/Hip-Hop Songs,Tee Grizzley....First Day Out,8.558916333482677e-5,8.558916339825848e-5,0.9996576433466193,8.558916333840592e-5,8.558916330918315e-5
Hot R&B/Hip-Hop Songs,Yo Gotti....Down In The DM,0.8450518755924523,2.3919825567752316e-4,0.15423052963980913,2.391982558797706e-4,2.3919825618120156e-4
Hot R&B/Hip-Hop Songs,John Legend....Love Me Now,0.9990674627567185,2.331343111873157e-4,2.3313431074898624e-4,2.331343106905664e-4,2.3313431065463035e-4
Hot R&B/Hip-Hop Songs,Kendrick Lamar....Loyalty.,0.08163585860623604,0.16265670861122358,1.6177417390856536e-4,0.7553838844349609,1.6177417367090277e-4
Hot R&B/Hip-Hop Songs,The Weeknd....Party Monster,1.4094679056632513e-4,1.4094679054026829e-4,1.409467904125802e-4,0.9994362128382266,1.4094679025429522e-4
Hot R&B/Hip-Hop Songs,Usher....No Limit,0.7407162476583278,1.3675481385073314e-4,0.25887348790027437,1.3675481376779176e-4,1.3675481377934748e-4
Hot R&B/Hip-Hop Songs,A Boogie Wit da Hoodie....Drowning,1.6064379444719388e-4,0.051660543014123116,0.02499922584950028,1.60643794501529e-4,0.923018943547428
Hot R&B/Hip-Hop Songs,Belly....Might Not,0.3357217766051941,0.07217091558971502,0.5917936900105036,1.5680889734577565e-4,1.56808897241373e-4
Hot R&B/Hip-Hop Songs,DJ Khaled....Shining,1.0421110989538569e-4,0.7001615135220034,1.0421110988061499e-4,0.299525853148343,1.0421110987755859e-4
Hot R&B/Hip-Hop Songs,Drake....Nice For What,0.13586422900976036,1.1813341542321407e-4,1.181334154623905e-4,0.8637813707439906,1.1813341536339505e-4
Hot Country Songs,Kelsea Ballerini....Yeah Boy,0.6345668088944585,0.36482612675833154,2.0235478250806165e-4,2.0235478233407095e-4,2.02354782367866e-4
Hot Country Songs,Brett Eldredge....Wanna Be That Song,0.71320553761728,0.2860457067780961,2.495852015476602e-4,2.495852014433075e-4,2.495852016329241e-4
Hot Country Songs,Morgan Evans....Kiss Somebody,0.9992620298433776,1.8449253942869114e-4,1.84492539146139e-4,1.8449253910787279e-4,1.844925389396158e-4
Hot R&B/Hip-Hop Songs,Rich The Kid....Plug Walk,1.946453731429359e-4,1.9464537305015857e-4,1.94645373377253e-4,0.8714135994457369,0.1280024644346927
Hot R&B/Hip-Hop Songs,Big Sean....Bounce Back,0.4734531899020682,1.1208607064708159e-4,0.5262105518861125,1.1208607058234281e-4,1.1208607058984714e-4
Hot R&B/Hip-Hop Songs,Dreezy....Body,0.4847374188297171,1.396624589352899e-4,0.5148435937936131,1.3966245883113826e-4,1.3966245890334515e-4
Hot R&B/Hip-Hop Songs,Ella Mai....Boo'd Up,0.30113271349728193,0.6983024778070989,1.8826956519261344e-4,1.8826956534231793e-4,1.8826956508415684e-4
Hot R&B/Hip-Hop Songs,PnB Rock....Selfish,0.29888165904483016,2.176825200013456e-4,0.7004652933953304,2.1768251997637014e-4,2.1768251986168727e-4
Hot Country Songs,Thomas Rhett....Vacation,0.999249992646075,1.8750183863365058e-4,1.875018382063714e-4,1.8750183853257754e-4,1.8750183855252003e-4
Hot Country Songs,Chris Lane....For Her,0.9991038136859824,2.2404657861423892e-4,2.2404657851479763e-4,2.2404657845898423e-4,2.2404657842956736e-4
Hot Country Songs,Dustin Lynch....Seein' Red,2.469048030927778e-4,0.9990123807885434,2.469048027697199e-4,2.4690480292512655e-4,2.4690480266901843e-4
Hot R&B/Hip-Hop Songs,Lil Xan....Betrayed,0.02408122934050564,1.8015544870380684e-4,0.9753783043134328,1.8015544861076782e-4,1.8015544874705052e-4
Hot R&B/Hip-Hop Songs,SZA....Love Galore,0.5671715111422795,0.05864343545167665,0.3738847492404181,1.5015208282366226e-4,1.5015208280212474e-4
Hot R&B/Hip-Hop Songs,6ix9ine....Gummo,2.0878662227836957e-4,2.0878662219281122e-4,0.6843836782976912,2.087866225800298e-4,0.3149899618352576
Hot R&B/Hip-Hop Songs,Drake....God's Plan,2.509473445814604e-4,2.5094734455713126e-4,2.5094734421799185e-4,0.9989962106225782,2.5094734406522017e-4
Hot R&B/Hip-Hop Songs,J. Cole....Neighbors,1.486953793369325e-4,0.03446273627333886,0.96509117758859575,1.4869537946734412e-4,1.4869537926120007e-4
Hot Country Songs,Jake Owen....Good Company,2.5232443616276666e-4,0.7950903022068546,0.20415272448543623,2.523244358047108e-4,2.5232443574161483e-4
Hot R&B/Hip-Hop Songs,Lil Uzi Vert....You Was Right,1.646709655924727e-4,1.646709655730634e-4,0.9993413161381688,1.6467096534444659e-4,1.6467096532128277e-4
Hot Country Songs,Dierks Bentley....Burning Man,2.4171308916927476e-4,0.9990331476434321,2.4171308908493638e-4,2.417130890786886e-4,2.4171308923508276e-4
Hot R&B/Hip-Hop Songs,G-Eazy....No Limit,1.0281302209919456e-4,1.0281302205420524e-4,0.679219326039496,1.0281302201048231e-4,0.3204722348943401
Hot R&B/Hip-Hop Songs,Kendrick Lamar....DNA.,1.1998295923809795e-4,0.021100205789455602,0.9785398453328138,1.1998295931467169e-4,1.1998295917790162e-4
Hot R&B/Hip-Hop Songs,Migos....Stir Fry,1.0915905417053307e-4,0.023611824033270886,1.09159054150121e-4,1.0915905423504564e-4,0.9760606988041733
Hot R&B/Hip-Hop Songs,Rich The Kid....New Freezer,1.1967069048624747e-4,1.1967069050974771e-4,1.1967069055320853e-4,0.5698184710148253,0.4298225169136255
Hot R&B/Hip-Hop Songs,Travis Scott....Antidote,1.5213933935559172e-4,0.52805330042663845,0.47149028155553563,1.5213933924871137e-4,1.5213933922171653e-4
Hot R&B/Hip-Hop Songs,2 Chainz....Watch Out,1.5163760987809904e-4,1.5163760998082641e-4,1.5163761011218483e-4,0.7054876098804104,0.2940574772896185
Hot Country Songs,Aaron Watson....Outta Style,0.9991833933772454,2.0415165610392907e-4,2.0415165555642695e-4,2.041516553738082e-4,2.0415165572044785e-4
Hot Country Songs,Blake Shelton....Gonna,0.5375545111341608,0.38618506553108295,2.943166224737244e-4,2.9431662272092824e-4,0.07567179008956156
Hot R&B/Hip-Hop Songs,Bruno Mars....That's What I Like,0.08298170449912573,0.764032443532095,2.050621127775961e-4,2.0506211273998341e-4,0.1525757277432617
Hot Country Songs,Chris Janson....Fix A Drink,2.455860778319347e-4,0.9990176556892206,2.455860776966321e-4,2.4558607761394213e-4,2.455860776367751e-4
Hot R&B/Hip-Hop Songs,"Dae Dae....Wat U Mean (Aye, Aye, Aye)",2.197633172441642e-4,2.197633174581872e-4,2.1976331753500737e-4,0.9991209467303322,2.1976331743043148e-4
Hot Country Songs,Dierks Bentley....Black,2.669748789821761e-4,0.9989321004851032,2.669748788734065e-4,2.6697487858084833e-4,2.669748784604167e-4
Hot R&B/Hip-Hop Songs,DLOW....Do It Like Me,0.24420277414217248,0.5733338137547704,1.4540388911239724e-4,0.09157623195513785,0.09074177625880693
Hot R&B/Hip-Hop Songs,Fetty Wap....Wake Up,1.491777966725207e-4,0.06927067723370349,1.4917779660436338e-4,0.9302817893765993,1.491777964202234e-4
Hot R&B/Hip-Hop Songs,Future....Mask Off,1.2835628021104186e-4,0.07295764944990027,1.2835628016092545e-4,1.2835628010970883e-4,0.926657281709618
Hot R&B/Hip-Hop Songs,Kodak Black....Roll In Peace,1.1488661275669305e-4,1.1488661265013703e-4,0.9995404535493386,1.148866126344411e-4,1.1488661262011466e-4
Hot R&B/Hip-Hop Songs,Lil Uzi Vert....Sauce It Up,1.3840132220100263e-4,1.384013219941349e-4,1.3840132206920463e-4,0.9873355173341587,0.012249278699576944
Hot Country Songs,Luke Bryan....Most People Are Good,2.5371672515988426e-4,0.9989851331000184,2.5371672494472574e-4,2.537167249040915e-4,2.5371672497295447e-4
Hot Country Songs,Michael Ray....Think A Little Less,2.9621262750285747e-4,0.9988151494915293,2.9621262703713035e-4,2.9621262714025256e-4,2.9621262679049826e-4
Hot R&B/Hip-Hop Songs,Migos....Bad And Boujee,6.228555322356584e-5,6.228555323045093e-5,6.228555330138724e-5,0.7414759660688295,0.25833717727141514
Hot R&B/Hip-Hop Songs,Miguel....Sky Walker,1.3280498712038853e-4,0.4180202871235211,1.3280498715359838e-4,1.3280498707060796e-4,0.5815812979151342
Hot R&B/Hip-Hop Songs,PARTYNEXTDOOR....Come And See Me,0.9262297275050975,2.0146815584905556e-4,0.07316586802765972,2.0146815578844728e-4,2.0146815560528737e-4
Hot R&B/Hip-Hop Songs,Rihanna....Kiss It Better,0.9690537834791888,1.8229820152817916e-4,0.030399321916668883,1.8229820138389652e-4,1.8229820123029359e-4
Hot Country Songs,Tim McGraw....Top Of The World,2.1976331762949548e-4,0.9991209467305177,2.197633173250847e-4,2.1976331723516502e-4,2.1976331729259383e-4
Hot R&B/Hip-Hop Songs,YoungBoy Never Broke Again....No Smoke,1.8302382469866996e-4,0.06911639905022747,0.9303345294760116,1.83023824637288e-4,1.8302382442504455e-4
Hot R&B/Hip-Hop Songs,2 Chainz....4 AM,1.1291179140671474e-4,1.1291179134292742e-4,0.8526451432912359,1.129117914153875e-4,0.14701612133459907
Hot R&B/Hip-Hop Songs,21 Savage & Metro Boomin....No Heart,1.3357659334078655e-4,1.3357659343835667e-4,0.9994656936262434,1.3357659347759226e-4,1.335765934998004e-4
Hot Country Songs,Jake Owen....Down To The Honkytonk,2.7011151781188914e-4,0.27556515708692164,0.7236245083600833,2.701115176552646e-4,2.701115175279513e-4
Hot R&B/Hip-Hop Songs,Rihanna....Love On The Brain,0.7117812617907385,0.2357472255014951,2.579873341681023e-4,2.579873339921801e-4,0.05195553803960608
Hot Country Songs,Bebe Rexha & Florida Georgia Line....Meant To Be,0.998830221058191,2.9244473577043773e-4,2.924447356316604e-4,2.9244473520465865e-4,2.924447352023258e-4
Hot R&B/Hip-Hop Songs,Drake....Mob Ties,1.852357716229615e-4,1.852357715358356e-4,0.9992590569133445,1.852357717595085e-4,1.8523577173716388e-4
Hot Country Songs,Dylan Scott....My Girl,0.6722611371102043,0.32692373997123997,2.71707639453874e-4,2.7170763958718507e-4,2.7170763951463503e-4
Hot Country Songs,Jana Kramer....I Got The Boy,0.13270047336443577,0.8661616623921261,3.7928808115173174e-4,3.7928808133303696e-4,3.792880809533101e-4
Hot Country Songs,Justin Moore....Kinda Don't Care,3.1660874513372524e-4,0.9987335650197403,3.1660874515130114e-4,3.1660874506976377e-4,3.166087449049864e-4
Hot R&B/Hip-Hop Songs,Logic....1-800-273-8255,0.15894267962306446,0.840521056235171,1.787547139402207e-4,1.7875471396369778e-4,1.7875471386054703e-4
Hot R&B/Hip-Hop Songs,MadeinTYO....Uber Everywhere,2.3195823103652703e-4,2.319582309829929e-4,2.319582307735796e-4,2.3195823052914134e-4,0.9990721670766778
Hot R&B/Hip-Hop Songs,Migos....T-Shirt,1.1575427092302353e-4,1.1575427088674483e-4,1.1575427099107693e-4,1.1575427088304201e-4,0.9995369829163161
Hot Country Songs,Rascal Flatts....I Like The Sound Of That,2.4171308954662585e-4,0.9990331476433253,2.4171308919580044e-4,2.41713088979505e-4,2.4171308895279552e-4
Hot Country Songs,Rascal Flatts....Yours If You Want It,0.5589237041898258,0.4403109224171071,2.551244644316391e-4,2.551244643581653e-4,2.551244642771857e-4
Hot Country Songs,Tucker Beathard....Rock On,0.25032670714662814,0.7487234666173227,3.1660874536299964e-4,3.16608745289635e-4,3.166087453964662e-4
Hot R&B/Hip-Hop Songs,6LACK....Prblms,1.496633542550641e-4,0.15816848136026052,0.8413825285771999,1.4966335417944995e-4,1.4966335410515359e-4
Hot R&B/Hip-Hop Songs,Amine....Caroline,1.472666690026962e-4,1.4726666894001325e-4,0.9994109333243241,1.4726666892358485e-4,1.4726666880960767e-4
Hot Country Songs,Billy Currington....Do I Make You Wanna,0.3539538054760993,0.6455625735165087,1.6120700252639532e-4,1.6120700245073142e-4,1.612070024149664e-4
Hot Country Songs,Cam....Mayday,0.9985543946477404,3.6140133828753136e-4,3.614013380056698e-4,3.6140133788157614e-4,3.614013380848865e-4
Hot R&B/Hip-Hop Songs,Drake....Grammys,1.3280498717027604e-4,0.025622764561656124,0.97397882047706,1.3280498707291465e-4,1.328049870407248e-4
Hot R&B/Hip-Hop Songs,French Montana....No Shopping,0.18967991907480825,1.283562802145666e-4,1.2835628021512323e-4,1.283562802581653e-4,0.8099350120845039
Hot Country Songs,Garth Brooks....All Day Long,2.669748790036593e-4,0.601725030111143,2.6697487882311525e-4,0.3974740452524381,2.669748785920861e-4
Hot Country Songs,Kane Brown....Found You,0.5728410867211527,0.42630861891487715,2.83431454562324e-4,2.8343145458495974e-4,2.8343145482281716e-4
Hot R&B/Hip-Hop Songs,Kid Ink....Promise,0.40810956732311804,1.8904360504451795e-4,1.8904360502447584e-4,0.5913233018618494,1.8904360496352826e-4
Hot R&B/Hip-Hop Songs,Lil Wayne....Uproar,0.20753569506660074,1.3594616384237518e-4,1.3594616385275758e-4,1.3594616381504767e-4,0.7920564664418891
Hot R&B/Hip-Hop Songs,The Weeknd....Can't Feel My Face,0.9985313074242524,3.671731442114777e-4,3.671731438398425e-4,3.671731436596976e-4,3.6717314403653356e-4
Hot R&B/Hip-Hop Songs,blackbear....Do Re Mi,0.9388100306629474,1.7468022116460898e-4,0.06066592867317301,1.7468022127538837e-4,1.7468022143961805e-4
Hot Country Songs,Chris Young....Hangin' On,0.448726986125204,0.5502453503756783,3.4255449971433156e-4,3.425544999020075e-4,3.4255449950120446e-4
Hot R&B/Hip-Hop Songs,Drake....One Dance,0.9990949942530353,2.26251436897291e-4,2.2625143683064778e-4,2.2625143656828306e-4,2.2625143666860672e-4
Hot R&B/Hip-Hop Songs,Drake....Portland,0.042035451210620765,1.086432163012822e-4,0.2447279185011286,1.0864321622971466e-4,0.7130193438557196
Hot R&B/Hip-Hop Songs,Drake....Summer Sixteen,1.400879609098907e-4,0.2840928954865326,1.4008796086354214e-4,0.7154868406308538,1.4008796084023163e-4
Hot Country Songs,Dustin Lynch....Good Girl,2.285001228981647e-4,0.9990859995089917,2.2850012279033172e-4,2.285001227143524e-4,2.2850012260550252e-4
Hot R&B/Hip-Hop Songs,J. Cole....Deja Vu,1.0444782954805919e-4,0.4605883880880163,0.5390982684234368,1.0444782954046137e-4,1.044478294584843e-4
Hot R&B/Hip-Hop Songs,Jeremih....Oui,0.3032058573133564,0.6961734198634668,2.069076077797639e-4,2.0690760763694926e-4,2.0690760776007693e-4
Hot Country Songs,Midland....Make A Little,2.96212627401175e-4,0.9988151494922253,2.9621262679431905e-4,2.9621262692404226e-4,2.9621262665515666e-4
Hot R&B/Hip-Hop Songs,NF....Lie,0.3367747307783115,0.41652483256027456,0.2463802676451116,1.6008450819468404e-4,1.6008450810760832e-4
Hot R&B/Hip-Hop Songs,YBN Nahmir....Rubbin Off The Paint,1.584297732052236e-4,1.5842977321536586e-4,0.46292449786776585,0.5366002128124214,1.584297733921643e-4
Hot R&B/Hip-Hop Songs,Young Thug And Travis Scott....Pick Up The Phone,1.0687555086577216e-4,1.0687555089718099e-4,0.9995724977966377,1.0687555076948785e-4,1.0687555082990913e-4
Hot Country Songs,Brad Paisley....Last Time For Everything,0.9987996844863917,3.0007887872154606e-4,3.000788781379432e-4,3.000788783511922e-4,3.0007887839762575e-4
Hot Country Songs,Brothers Osborne....It Ain't My Fault,3.2557593211216326e-4,0.3453047361506804,3.25575932105491e-4,0.6537185360533446,3.2557593175728644e-4
Hot Country Songs,Jordan Davis....Take It From Me,2.7828532656509704e-4,0.9988868586957966,2.782853259878423e-4,2.782853258824456e-4,2.7828532576794053e-4
Hot Country Songs,Kenny Chesney....All The Pretty Girls,0.3533945100702237,0.6457337004034543,2.905965088113163e-4,2.9059650876403097e-4,2.905965087465975e-4
Hot R&B/Hip-Hop Songs,Kodak Black....ZEZE,0.025526167948016574,9.92618515600993e-5,9.926185160016896e-5,9.926185155138724e-5,0.9741760464972717
Hot R&B/Hip-Hop Songs,NF....Let You Down,0.2597844156509264,0.739725084684301,1.6349988834798182e-4,1.6349988827841122e-4,1.6349988814612669e-4
Hot R&B/Hip-Hop Songs,Post Malone....Rockstar,1.4269643288879365e-4,1.4269643298294514e-4,0.9994292142680693,1.4269643306370736e-4,1.4269643299534177e-4
Hot R&B/Hip-Hop Songs,Rae Sremmurd....Swang,1.6064379463509918e-4,1.6064379483328003e-4,1.606437946328951e-4,0.9993574248212432,1.606437946555451e-4
Hot R&B/Hip-Hop Songs,Travis Scott....Stargazing,1.6467096556875002e-4,1.6467096565925515e-4,0.999341316137791,1.6467096544263548e-4,1.6467096553842572e-4
Hot Country Songs,Tyler Rich....The Difference,0.8421192794733613,0.15698632087019715,2.9813321888295935e-4,2.981332186128111e-4,2.981332189457389e-4
Hot R&B/Hip-Hop Songs,XXXTENTACION....Sad!,0.9988732197578303,2.8169506072091576e-4,2.816950607011431e-4,2.816950602849727e-4,2.81695060462722e-4
Hot Country Songs,Blake Shelton....Came Here To Forget,0.19619086961873705,0.8029147307247025,2.981332190149266e-4,2.9813321875872263e-4,2.981332187866157e-4
Hot R&B/Hip-Hop Songs,Bryson Tiller....Sorry Not Sorry,0.057574047319012396,0.05080571883615539,0.2328894756153486,0.6585739493322069,1.568088972767058e-4
Hot Country Songs,Carrie Underwood....Love Wins,0.9987838104378662,3.040473910787096e-4,3.0404739038506704e-4,3.040473905024549e-4,3.0404739016741086e-4
Hot Country Songs,Cody Johnson....On My Way To You,3.922297638684172e-4,0.998431080943839,3.9222976358289837e-4,3.922297640954668e-4,3.922297646142071e-4
Hot R&B/Hip-Hop Songs,DJ Drama....Wishing,0.28576936442872664,1.2521054913012055e-4,0.6543874577764898,1.252105492476909e-4,0.059592756696405846
Hot Country Songs,Dustin Lynch....I'd Be Jealous Too,2.749571496602582e-4,0.9989001714020823,2.749571492925171e-4,2.7495714975483884e-4,2.749571492100772e-4
Hot Country Songs,Florida Georgia Line....Simple,2.1463417111849392e-4,0.2136438720679826,0.7857122254194925,2.1463417074042996e-4,2.146341706658879e-4
Hot R&B/Hip-Hop Songs,Future....Used To This,0.09575643695351939,0.5472741606446373,0.07233146120227858,1.8750183852722416e-4,0.2844504393610375
Hot R&B/Hip-Hop Songs,Kendrick Lamar & SZA....All The Stars,2.0878662254370507e-4,0.971052813594921,0.028320826537670315,2.087866225988293e-4,2.0878662226611592e-4
Hot Country Songs,Kenny Chesney....Noise,3.1020095426759496e-4,0.9987591961822425,3.1020095479915874e-4,3.1020095416741045e-4,3.102009545232631e-4
Hot R&B/Hip-Hop Songs,Kodak Black....Tunnel Vision,0.7015174795827777,1.3840132192354112e-4,0.175404440666655,1.3840132210426103e-4,0.12280127710653947
Hot R&B/Hip-Hop Songs,Logic & Marshmello....Everyday,1.988542878450258e-4,0.10098701214004781,0.8984164249967771,1.9885428769383218e-4,1.9885428763623733e-4
Hot R&B/Hip-Hop Songs,Migos....Slippery,8.106247154246327e-5,8.106247155083221e-5,8.106247159339827e-5,8.10624715520325e-5,0.9996757501137613
Hot Country Songs,Sugarland....Babe,0.6066936241267349,0.3923881620600351,3.0607127107578486e-4,3.060712711577495e-4,3.060712709964562e-4
Hot R&B/Hip-Hop Songs,Wale....My PYT,0.8979281141214976,1.3054274328865432e-4,0.10168025764837985,1.3054274344005893e-4,1.3054274339379228e-4
Hot Country Songs,Brothers Osborne....Stay A Little Longer,0.9985656681896593,3.5858295342317047e-4,3.585829522801739e-4,3.585829524715226e-4,3.5858295216581985e-4
Hot R&B/Hip-Hop Songs,Calvin Harris....Feels,0.25718819468002463,0.6176879091865743,1.787547138317897e-4,1.787547137497679e-4,0.12476638670581942
Hot R&B/Hip-Hop Songs,Daniel Caesar....Best Part,0.9984573984867162,3.85650378759825e-4,3.8565037850885346e-4,3.8565037825853525e-4,3.856503777565686e-4
Hot R&B/Hip-Hop Songs,Drake....Controlla,2.16656828291878e-4,0.9252848368714166,0.07406519264392095,2.1665682816525146e-4,2.1665682820527977e-4
Hot R&B/Hip-Hop Songs,Drake....Fake Love,2.0415165592148978e-4,0.8750225027539031,0.12436504227815197,2.0415165589732085e-4,2.0415165612598307e-4
Hot Country Songs,Dustin Lynch....Mind Reader,0.1394347022708027,0.859909143820349,2.1871796972968075e-4,2.1871796967456748e-4,2.187179694440296e-4
Hot Country Songs,Florida Georgia Line....May We All,2.0878662248765425e-4,0.9796833412441814,0.01969029888865321,2.0878662234755059e-4,2.0878662233013112e-4
Hot Country Songs,Keith Urban....Coming Home,0.43573178457224304,0.5636916020065859,1.922044737492847e-4,1.9220447375790687e-4,1.9220447366390656e-4
Hot Country Songs,Kelsea Ballerini....Dibs,2.3079395666991098e-4,0.9990768241742058,2.3079395649220944e-4,2.307939563161877e-4,2.3079395631582983e-4
Hot Country Songs,Lady Antebellum....You Look Good,2.469048031958947e-4,0.9262180665113654,2.4690480287207047e-4,0.07304121907962566,2.469048029410637e-4
Hot Country Songs,Little Big Town....Better Man,0.8825549689270114,0.11666228552275185,0.00026091518347502133,2.609151835581258e-4,2.6091518320361246e-4
Hot R&B/Hip-Hop Songs,Metro Boomin....No Complaints,1.324225171896443e-4,1.3242251717037048e-4,1.324225172549937e-4,0.0551120511350692,0.9444906813133158
Hot R&B/Hip-Hop Songs,"Migos, Nicki Minaj & Cardi B....MotorSport",8.021399043753403e-5,8.021399042433015e-5,8.021399041229112e-5,8.021399040586245e-5,0.9996791440383199
Hot Country Songs,Miranda Lambert....Vice,0.31001085325452415,0.379375287715366,0.30983603453756214,3.889122461589416e-4,3.8891224638874973e-4
Hot Country Songs,Old Dominion....No Such Thing As A Broken Heart,0.2647420043899276,0.7136315690578139,2.4558607754563897e-4,0.0211352543970908,2.4558607762196035e-4
Hot R&B/Hip-Hop Songs,Post Malone....Better Now,0.999295929644626,1.7601758890703446e-4,1.7601758883593866e-4,1.7601758881738406e-4,1.7601758881366638e-4
Hot R&B/Hip-Hop Songs,Post Malone....Psycho,1.4869537955563365e-4,0.05789064549090594,0.2896913826986689,1.4869537954772372e-4,0.6521205810513218
Hot Country Songs,Billy Currington....It Don't Hurt Like It Used To,0.686548008139559,0.3125213889972615,3.102009543975584e-4,3.1020095445882063e-4,3.1020095432322586e-4
Hot Country Songs,Blake Shelton....A Guy With A Girl,0.29702749013998747,0.702189764308565,2.6091518371854566e-4,2.6091518387804286e-4,2.609151838510241e-4
Hot R&B/Hip-Hop Songs,BlocBoy JB....Look Alive,1.2487051554107282e-4,1.248705154855147e-4,1.2487051556664815e-4,0.9995005179379007,1.248705155061449e-4
Hot R&B/Hip-Hop Songs,Calvin Harris....Slide,1.7468022130546161e-4,0.28040906356475354,0.4106559587952869,1.7468022136073175e-4,0.30858561719729327
Hot R&B/Hip-Hop Songs,Chris Brown....Privacy,0.5710728043033034,0.00014358764549326085,0.4284964327602163,1.435876454597964e-4,1.4358764552712533e-4
Hot Country Songs,Devin Dawson....All On Me,0.9989851330994612,2.5371672543462765e-4,2.537167250862423e-4,2.5371672499658145e-4,2.537167250212929e-4
Hot R&B/Hip-Hop Songs,Drake....Sneakin',0.08438544888955812,1.2029686178496923e-4,0.08171121958459282,0.8336627378022498,1.2029686181437331e-4
Hot Country Songs,Easton Corbin....A Girl Like You,2.3796036156835672e-4,0.9990481585549563,2.379603613061108e-4,2.3796036113062647e-4,2.3796036103850417e-4
Hot R&B/Hip-Hop Songs,Famous Dex....Japan,1.355454143468069e-4,1.355454143719895e-4,0.9994578183426372,1.3554541433179163e-4,1.3554541431211282e-4
Hot R&B/Hip-Hop Songs,Ghost Town DJ's....My Boo,0.9150304210814225,2.766112272539833e-4,2.7661122686028166e-4,2.766112267942604e-4,0.08413974523766891
Hot Country Songs,Justin Moore....Somebody Else Will,2.766112273088468e-4,0.9988935550921375,2.766112267587624e-4,2.766112269993862e-4,2.7661122679546046e-4
Hot Country Songs,Kane Brown....Lose It,0.749196020646768,0.24989782905454785,3.020500995922738e-4,3.020500996760137e-4,3.020500994157696e-4
Hot R&B/Hip-Hop Songs,Kanye West & Lil Pump....I Love It,0.1380789589526194,2.1264893054730654e-4,0.785459973670211,2.126489304999593e-4,0.07603576951612227
Hot Country Songs,Kelsea Ballerini....Peter Pan,0.18995678368318597,0.809038018696891,3.3506587337082716e-4,3.350658733734044e-4,3.3506587317874394e-4
Hot Country Songs,Kip Moore....Last Shot,2.834314552473792e-4,0.998866274181169,2.834314545542863e-4,0.00028343145457061574,2.8343145445866813e-4
Hot R&B/Hip-Hop Songs,KYLE....iSpy,0.08378349783048417,0.6784942127397107,0.23750134875484158,1.1047033749443975e-4,1.1047033746914038e-4
Hot R&B/Hip-Hop Songs,Lil Uzi Vert....The Way Life Goes,0.8356394259507003,1.5315282486759403e-4,1.53152824964596e-4,0.16390111557450784,1.53152824959638e-4
Hot Country Songs,Luke Bryan....Home Alone Tonight,0.2099968767751246,0.7893681131693828,2.116700185383775e-4,2.1167001867443712e-4,2.116700182796782e-4
Hot Country Songs,Mason Ramsey....Famous,3.188039122401017e-4,0.9987247843511525,3.188039121297651e-4,3.188039124279608e-4,3.188039120496283e-4
Hot Country Songs,Midland....Drinkin' Problem,2.924447356989244e-4,0.9988302210581175,2.924447355750156e-4,2.924447354429903e-4,2.924447351657365e-4
Hot R&B/Hip-Hop Songs,Offset & Metro Boomin....Ric Flair Drip,1.255524397500091e-4,1.2555243968348758e-4,0.20169977052804341,1.255524397886342e-4,0.7979235721527345
Hot R&B/Hip-Hop Songs,Quavo....W O R K I N M E,1.6064379447222336e-4,1.6064379440166804e-4,1.6064379458134796e-4,1.6064379433738295e-4,0.9993574248222075
Hot R&B/Hip-Hop Songs,SZA....The Weekend,2.6543371978422504e-4,0.3182705993416042,2.6543371959689507e-4,0.6809330994995136,2.654337195010412e-4
Hot R&B/Hip-Hop Songs,The Weeknd....Acquainted,0.46977860011338424,1.9885428772977668e-4,0.00019885428755707563,0.5296248370239702,1.9885428735860926e-4
Hot Country Songs,Thomas Rhett....Craving You,0.7561242033170839,2.8877149700628666e-4,2.8877149663837545e-4,0.24300948219289334,2.887714963782078e-4
Hot Country Songs,Thomas Rhett....T-Shirt,0.6788216915131017,0.32056036630719353,2.059807265037334e-4,2.0598072655668813e-4,2.0598072664440117e-4
Hot R&B/Hip-Hop Songs,Travis Scott....Butterfly Effect,0.08591422675431139,1.6292057377747615e-4,1.629205738357664e-4,1.6292057360795014e-4,0.9135970115244675
Hot R&B/Hip-Hop Songs,XXXTENTACION....Moonlight,2.5654791296534355e-4,0.39449443646766275,2.5654791296440984e-4,2.5654791264521833e-4,0.6047359197937623
Hot Country Songs,"Artists Of Then, Now & Forever....Forever Country",2.8169506085619475e-4,0.9988732197584295,2.8169506019653265e-4,2.8169506012702244e-4,2.816950603907633e-4
Hot Country Songs,Carrie Underwood....Church Bells,0.282731754579588,0.4381841820737867,2.523244363084662e-4,2.5232443595573284e-4,0.27857941447436113
Hot Country Songs,Cole Swindell....Middle Of A Memory,2.6697487882652003e-4,0.9989321004860477,2.669748784593157e-4,2.6697487846401405e-4,2.669748782025002e-4
Hot Country Songs,Dierks Bentley....Somewhere On A Beach,2.851893888408674e-4,0.9988592424459046,2.851893885018134e-4,2.851893883527289e-4,2.851893883999124e-4
Hot R&B/Hip-Hop Songs,Drake....Hype,0.18328149135573857,1.8015544882110508e-4,1.801554487599987e-4,0.816178042298138,1.801554485424069e-4
Hot R&B/Hip-Hop Songs,Drake....Nonstop,1.2124850248940565e-4,1.2124850241944898e-4,1.2124850251143553e-4,0.9995150059902109,1.2124850236882715e-4
Hot Country Songs,Eric Church....Round Here Buzz,2.799798122826767e-4,0.9732223055179546,0.025937755045140103,2.7997981243898693e-4,2.7997981218365147e-4
Hot Country Songs,Hillary Scott & The Scott Family....Thy Will,0.379176254810086,0.23484623763555681,0.38511989124029117,4.288081573266578e-4,4.288081567394547e-4
Hot R&B/Hip-Hop Songs,J. Cole....KOD,1.3634928974396002e-4,1.363492896833078e-4,0.999454602840989,1.3634928973182915e-4,1.3634928985194083e-4
Hot Country Songs,Jason Aldean....Lights Come On,2.156407564421475e-4,0.9991374369747089,2.1564075626856856e-4,2.1564075642471322e-4,2.1564075615561237e-4
Hot R&B/Hip-Hop Songs,"Jay Rock, Kendrick Lamar, Future & James Blake....King's Dead",1.0613546651007955e-4,1.0613546658888919e-4,0.04575643579528466,0.9539251578050352,1.0613546658115547e-4
Hot Country Songs,Jon Pardi....Dirt On My Boots,2.442813640624547e-4,0.9990228745435352,2.442813641241664e-4,2.4428136409595456e-4,2.4428136418224046e-4
Hot Country Songs,Keith Urban....Break On Me.,0.9986090572196283,3.477356956746695e-4,3.4773569488383e-4,3.477356949515961e-4,3.477356948614481e-4
